	HD1_eTconv_PBMCs	HD1_nTconv_PBMCs	HD1_effector_CD8posT_PBMCs	HD1_naive_CD8posT_PBMCs	HD1_nTreg_PBMCs	HD1_eTreg_PBMCs	HD2_eTconv_PBMCs	HD2_nTconv_PBMCs	HD2_effector_CD8posT_PBMCs	HD2_naive_CD8posT_PBMCs	HD2_nTreg_PBMCs	HD2_eTreg_PBMCs	HD3_eTconv_PBMCs	HD3_nTconv_PBMCs	HD3_effector_CD8posT_PBMCs	HD3_naive_CD8posT_PBMCs	HD3_nTreg_PBMCs	HD3_eTreg_PBMCs	NSCLC5_eTconv_TILs	NSCLC5_effector_CD8posT_TILs	NSCLC5_eTreg_TILs	NSCLC6_eTconv_TILs	NSCLC6_effector_CD8posT_TILs	NSCLC6_eTreg_TILs	NSCLC7_eTconv_TILs	NSCLC7_effector_CD8posT_TILs	NSCLC7_eTreg_TILs	NSCLC1_eTconv_PBMCs	NSCLC1_effector_CD8posT_PBMCs	NSCLC1_eTreg_PBMCs	NSCLC1_eTconv_TILs	NSCLC1_effector_CD8posT_TILs	NSCLC1_eTreg_TILs	NSCLC2_eTconv_PBMCs	NSCLC2_effector_CD8posT_PBMCs	NSCLC2_eTreg_PBMCs	NSCLC2_eTconv_TILs	NSCLC2_effector_CD8posT_TILs	NSCLC2_eTreg_TILs	NSCLC3_eTconv_PBMCs	NSCLC3_effector_CD8posT_PBMCs	NSCLC3_eTreg_PBMCs	NSCLC3_eTconv_TILs	NSCLC3_effector_CD8posT_TILs	NSCLC3_eTreg_TILs	NSCLC4_eTconv_PBMCs	NSCLC4_effector_CD8posT_PBMCs	NSCLC4_eTreg_PBMCs	NSCLC4_eTconv_TILs	NSCLC4_effector_CD8posT_TILs	NSCLC4_eTreg_TILs
Adipocytes	0.0194	0.0192	0.0221	0	0.0308	0.0208	0	0	0.005	0	0.0052	0.0231	0	0.0099	0.0159	0	0	0.0217	0.0095	0	0.0438	0.0087	0.0284	0.0106	0.0096	0.007	0.0062	0.0067	0.0376	0	0.0406	0.0082	0.0424	0	0.037	0	0.039	0.0182	0.0547	0.0282	0.0019	0.0198	0	0.0227	0.0374	0	0.0129	0.0093	0.0401	0.0215	0.0468
Astrocytes	0	0	0.02	0	0	0	0	0	0	0	0	0	0	0	0	0	0	0	0.053	0.0315	0.0369	0.0032	0.0032	0	0.0015	0	0	0	0	0	0.0215	0.1175	0.0175	0.0101	0.0099	0	0.0554	0.0505	0	0	0	0	0	0.0544	0	0	0	0	0.0564	0.0461	0.0908
B-cells	0.0366	0.0142	0.0342	0.0354	0.1018	0.0458	0.0311	0.0205	0.0114	0.0646	0.109	0.0599	0.0375	0.0502	0.0577	0.0388	0.0865	0.0454	0.0045	0.026	0.065	0	0.0246	0.0296	0.048	0.0199	0.0616	0	0.0533	0.0351	0.0116	0	0.0075	0.0135	0	0.028	0.018	0.0152	0.0437	0.0222	0	0.0194	0.0408	0	0.0223	0.0327	0	0	0.0377	0	0.0536
Basophils	0	0	0.0701	0.0693	0.0446	0.0355	0.0975	0.0145	0.1989	0	0	0.0665	0	0	0.0492	0	0.1631	0	0.1375	0.1877	0	0.1665	0.2106	0.0154	0.0115	0.2181	0.0174	0.3202	0.0977	0.0629	0	0.1805	0	0.084	0.1305	0.0526	0.1233	0.1909	0.1276	0.0023	0.1144	0.1267	0	0.1669	0	0.0475	0.0355	0	0.0149	0.2689	0.0545
CD4+ T-cells	0.1412	0.0501	0	0	0.1327	0.1348	0.0664	0.0961	0	0	0.1328	0.1	0.1024	0.0419	0	0	0.1185	0.1454	0.0893	0	0.0758	0.0466	0	0.0565	0.0984	0	0.0686	0	0	0.109	0.1235	0.0247	0.1319	0.0872	0	0.1255	0.1829	0	0.1068	0.1256	0	0.1425	0.1722	0	0.1182	0.1207	0	0.058	0.218	0	0.1329
CD4+ Tcm	0.0763	0	0	0	0	0	0.0399	0.0562	0	0	0	0	0.076	0.0206	0	0	0	0	0.0306	0	0	0	0	0	0.0024	0	0	0	0	0	0	0	0	0.0873	0	0	0.0512	0	0	0.1231	0	0	0.076	0	0	0.092	0	0	0.0537	0	0
CD4+ Tem	0.2998	0	0.2339	0	0.0147	0.1698	0.3485	0	0.2401	0	0	0.1988	0.3579	0	0.1183	0	0	0.1983	0.3922	0.1572	0.1682	0.3987	0.1233	0.1676	0.3508	0.0747	0.1121	0.2687	0.1952	0.2535	0.209	0.0317	0.059	0.3431	0.0799	0.2149	0.4227	0.0555	0.0702	0.2693	0.1601	0.1748	0.3808	0.0814	0.1328	0.3234	0.2395	0.1999	0.3345	0	0.084
CD4+ memory T-cells	0.2672	0.0685	0.0395	0	0.0039	0.1737	0.242	0.0296	0.054	0	0.0544	0.1924	0.2738	0.04	0.0508	0	0.0635	0.1902	0.2548	0.0537	0.1206	0.2808	0.0843	0.1604	0.2973	0.1575	0.1202	0.1575	0.0791	0.1802	0.3123	0.0857	0.2334	0.1856	0	0.082	0.3294	0.0907	0.1044	0.2682	0.0294	0.1237	0.3144	0	0.0763	0.2675	0.0833	0.1061	0.2883	0	0.1036
CD4+ naive T-cells	0.1038	0.387	0	0.182	0.216	0	0.0596	0.4016	0	0.159	0.1885	0	0.0751	0.371	0	0.1461	0.1778	0	0.0429	0	0	0	0	0	0.0178	0	0	0.0396	0	0	0	0	0	0.1029	0	0	0.0665	0	0	0.1369	0	0	0.106	0	0	0.1214	0	0	0.1409	0	0
CD8+ T-cells	0.1732	0.2634	0.2273	0.3908	0.1166	0	0.1465	0.2255	0.2294	0.3718	0.0994	0	0.14	0.1993	0.2581	0.3484	0.1494	0	0.1079	0.2841	0	0.0034	0.1807	0	0.0559	0.2683	0	0.1276	0.3064	0	0.122	0.1638	0	0.1201	0.1794	0	0.0147	0.2308	0	0.1231	0.295	0	0.0463	0.2125	0	0.1345	0.2683	0	0.1113	0.2183	0
CD8+ Tcm	0.0576	0	0.1209	0.1406	0	0	0.0142	0	0.1258	0.1712	0	0	0.0504	0	0.1429	0.1389	0	0	0	0.161	0	0.0099	0.1469	0	0.0014	0.147	0	0	0.1678	0	0.0718	0.1691	0	0	0.0752	0	0	0.1638	0	0.0202	0.1426	0	7e-04	0.1385	0	0.0634	0.1413	0	0.0577	0.1589	0
CD8+ Tem	0.2465	0	0.5257	0	0	0.0103	0.389	0	0.5452	0	0	0.0393	0.2436	0	0.5247	0	0	0.0189	0.4537	0.5041	0.1084	0.4063	0.4954	0.2005	0.4138	0.4626	0.078	0.4155	0.4642	0	0.2804	0.4686	0.0709	0.3199	0.4984	0	0.3721	0.4584	0.0947	0.2241	0.493	0.0101	0.3357	0.516	0.1537	0.1646	0.4874	0	0.3017	0.4972	0.0707
CD8+ naive T-cells	0.0551	0.1636	0.0181	0.2613	0.0489	0.0848	0	0.0866	0.0474	0.2232	0.0901	0.0871	0.0412	0.0857	0.037	0.2257	0.1224	0.0977	0	0.1031	0.0996	0.0087	0.0841	0.0614	0.0817	0.2119	0.0844	0	0.0726	0.093	0.062	0.0077	0.0887	0	0.0513	0.0374	0	0.1028	0.0207	0.0383	0.036	0.0672	0	0	0.0375	0	0.0441	0.0662	0	0.009	0
CLP	0.1024	0.2026	0.0642	0.1383	0.0325	0.0933	0.0949	0.0792	0.1108	0.128	0.0896	0.1084	0.124	0.1469	0.0772	0.1506	0.1419	0.0882	0.0851	0.1098	0.1379	0.1037	0.116	0.1358	0.1006	0.1498	0.1179	0.0812	0.0907	0.0826	0.1391	0.0488	0.135	0.0703	0.0611	0.0302	0.0377	0.1078	0.1067	0.0694	0.023	0.0335	0.0487	0.0432	0.0695	0.0578	0.0666	0.0908	0	0.0405	0.0489
CMP	0	0	0	0	0	0	0	0	0	0	0	0	0	0	0	0	0	0.0247	0	0	0	0	0	0	0	0	0	0	0	0.0192	0	0	0	0	0.0023	0	0	0.0094	0	0	0	0	0.0158	0.0234	0	0	0.0032	0	0.0076	0.0505	0
Chondrocytes	0.0093	0	0.0247	0	0.0083	0.0183	0	0.0099	0.0234	0	0.0218	0	0	0	0	0	0	0	0	0	0.0101	0	0	0	0.0176	0.0081	0	0.0384	0.0807	0	0.0435	0.0113	0	0.0111	0.0485	0	0.0066	0.031	0	0.0214	0.0985	0.0114	0.0021	0.1174	0	0.0478	0.0502	0.0708	0	0.0716	3e-04
Class-switched memory B-cells	0.2043	0	0.2337	0.0944	0.213	0.2665	0.2156	0.0121	0.1837	0.1281	0.1536	0.2671	0.1955	0	0.2544	0.0744	0.1119	0.2281	0.1618	0.1195	0.275	0.1988	0.2409	0.304	0.2715	0.2859	0.3407	0.054	0.2202	0.2065	0.0853	0.1855	0.2186	0.2147	0.1558	0.2483	0.2119	0.2099	0.353	0.1711	0.1717	0.1955	0.2277	0.1503	0.2994	0.2118	0.1625	0.1474	0.2747	0.1782	0.3599
DC	0.0178	0.0372	0	0	0	0	0.0046	0.0241	0	0.0286	0.0127	0.0135	0.0347	0.0177	0.0057	0.0277	0.0088	0.0054	0.1272	0.0743	0.1164	0.0419	0.0389	0.0992	0.0333	0.0379	0.1209	0.0079	0	0	0.1614	0.1076	0.1634	0	0.003	0	0.0886	0.0488	0.1426	0.001	0	0	0	0.0019	0.0922	0	0	0.0033	0.1031	0.0089	0.138
Endothelial cells	0.001	0.0224	0.0075	0.0287	0.0276	0.0615	0.0038	0.0091	0.067	0.0434	0.0482	0.0537	0.0198	0	0.0524	0.0054	0	0.0658	9e-04	0.0324	0.0494	0.0574	0.0301	0.0391	0.0512	0.0352	0.0377	0	0.0844	0.0125	0.0719	0.0675	0.0474	0.0514	0.0158	0.0268	0.0291	0	0.0611	0.0305	0.039	0.0594	0.054	0.0176	0.0425	0.0578	0.0612	0.0528	0.0305	0.0276	0.0637
Eosinophils	0.0846	0	0.0711	0	0	0.1781	0.0698	0	0	0	0	0.187	0.1262	0	0.0139	0	0	0.2059	0	0	0	0	0	0.0281	0.0423	8e-04	0.0368	0	0.0853	0.1371	0	0.0258	0.103	0	0.0354	0.2012	0	0.0217	0.026	0.1182	0.2017	0.2255	0.0644	0.001	0.1258	0.0322	0.1354	0.1649	0	0.0147	0.1158
Epithelial cells	0.0339	0.0384	0.0181	0.0275	0.0267	0.0686	0.0568	0.0469	0.0448	0.0605	0.0466	0.0289	0.048	0.0641	0.0334	0.0494	0.0677	0.0388	0.2333	0.0952	0.2102	0.024	0.0244	0.047	0.0271	0.0502	0.0655	0.0661	0.0178	0.0317	0.3303	0.3882	0.3178	0.0397	0	0.0174	0.0303	0.0243	0	0.0497	0.046	0.0421	0.0707	0	0.0419	0.0511	0.0236	0.0691	0.1048	0.0523	0.1929
Erythrocytes	0	0.0035	0	0	0	0	0	0.0019	0	0	0	0.0234	0	0	0.0369	0.0061	0	0.0215	0	0	0	0.049	0.015	0.0354	0.0455	0.0273	0	0	0.0053	2e-04	0	0.0481	0.0323	0	0	0.0083	0	0	0.0116	0	0	0	0	0	0.0045	0.0368	0.0493	0.0315	0.023	0.017	0.02
Fibroblasts	0	0	0.0129	0	0.0209	0.0149	0	0	0.0059	0	0.0118	0	0	0	0	0	0	0	0	0	0	0	0	0	0	0	0	0	0.0109	0	0	0	0	0	0	0	0	0	0.0061	0.0338	0	0.0855	0.0029	0.0046	0.0028	0.0388	0	0.0179	0.0837	0.0131	0.0319
GMP	0.027	0.0567	0	0	0	0	0	0.0467	0	0.0038	0.0658	0	0	0.0742	0	0.0371	0.0623	0	0.0395	0	0	0	0	0	0	0.0111	0.0588	0.0388	0.0071	0.0185	0.0387	0	0	0	0	0.0262	0	0.0179	0.0771	0	0	0	0	0	0	0	0	0.0153	0	0.0103	0
HSC	0	0.0644	0	0.0193	0.1285	0.122	0.0297	0.0533	0	0.0588	0.1672	0.0277	0	0.0884	0	0.0201	0.076	0	0	0.0761	0.1204	0.0536	0.0497	0.109	0.0943	0	0.0986	0	0.0151	0	0.0474	0.0665	0.1487	0.0706	0	0.0754	0.0517	0	0.0103	0.0115	0	0.0236	0.0443	0	0.2164	0.0246	0	0.0317	0.0949	0	0.1143
Hepatocytes	0	0	0	0	0	0	0	0	0	0	0	0	0	0	0	0	0	0	0.007	0	0.025	0	0	0.0049	0	0	0.0175	0	0	0	0.0073	0	0.0268	0	0	0	0	0	0.0134	0	0	0	0	0	0	0	0	0	1e-04	0	0.0167
Keratinocytes	0.0162	0.0351	0	0.0242	0.0157	0	0.0191	0.0055	0	0.0177	4e-04	0	0	0.0324	0	0.0255	0.0288	0	0.1173	0.0333	0.1081	0.018	0.0104	0.0498	0.0016	0	0.0342	0.0149	0	0	0.2271	0.2267	0.2304	0.006	0	0	0.0027	2e-04	0	0	0	0	0.0123	0	0.0204	0	0	0	0	0.0018	0.0355
MEP	0.0352	0.1084	0.0246	0.0725	0.0602	0.1436	0.1378	0.0981	0.1033	0.1646	0.1427	0.1139	0.1581	0.158	0.0799	0.1445	0.1508	0.0917	0.0738	0.0874	0.2284	0.0573	0.0959	0.1549	0	0.0374	0.2045	0	0.0411	0.05	0.2034	4e-04	0.197	0.0535	0.0244	0.0452	0	0	0.1149	0.0498	0.0056	0	0	0	0.0845	0.0672	0.0346	0.036	0.0257	0	0.078
MPP	0.1646	0.1947	0.213	0.2759	0.0666	0.0503	0.247	0.0832	0.1594	0.1897	0.1169	0.1091	0.2042	0.1486	0.086	0.2781	0.1966	0.2229	0.1236	0.0957	0.0294	0.1147	0.1134	0.1473	0.1061	0.179	0.0986	0.2893	0.1018	0.2011	0.1172	0	0.007	0.0818	0.1425	0.2226	0.0261	0.1855	0.0804	0.1672	0.1813	0.11	0.1469	0.1519	0.0552	0.0406	0.2032	0.1805	0	0.1084	0
MSC	0.2784	0.4466	0	0.3709	0.0476	0.1364	0.3836	0.3725	0.1766	0.4204	0.2159	0.3004	0.3756	0.4427	0.1626	0.4006	0.4432	0.2395	0.1477	0.1901	0.1262	0.3884	0.2298	0.1989	0.0869	0.1523	0.1953	0.2	0.1242	0.2971	0.2733	0	0.2862	0.0559	0.0742	0.2197	0.0549	0	0.2156	0.1061	0.1306	0	0.2622	0.0143	0.2259	0	0	0.0858	0	0	0
Macrophages	0.0317	0.0113	0.1113	0.0354	0	0.1114	0.0695	0.0684	0.0966	0.0543	0.0235	0.1203	0.0715	0.0895	0.0903	0.0742	0.0436	0.1178	0.252	0.21	0.288	0.1339	0.1426	0.1752	0.0802	0.1788	0.3187	0.0813	0.0685	0.0996	0.2113	0.2093	0.2886	0.0702	0.0555	0.1028	0.1728	0.1493	0.2589	0.0506	0.0676	0.1058	0.067	0.1332	0.148	0.0626	0.0844	0.1101	0.2046	0.1447	0.2994
Macrophages M1	0	0	0.0071	0	0	0.0131	0.004	0	0.016	0	0.0064	0.0216	0.0074	9e-04	0.0212	0.0174	0	0.0107	0.0647	0.0422	0.0841	0.0389	0.0439	0.0741	0.0361	0.0193	0.1122	0.0138	0	0	0.0441	0.0777	0.0806	0.0121	0	0	0.0589	0.0409	0.0891	0.0094	0.0093	0.0029	0.001	0.0269	0.0602	0	0.0048	0	0.0528	0.0144	0.0915
Macrophages M2	0.0462	0	0.1389	0	0.0162	0.0584	0.0731	0.063	0.0911	0.044	0	0.0572	0.0642	0.034	0.0776	0.0174	0.0263	0.1004	0.2147	0.124	0.1601	0.0484	0.0447	0.0643	0	0.1523	0.149	0.087	0.0793	0.1135	0.045	0.0968	0.1838	0.0111	0.0651	0.1069	0.0918	0.0819	0.1574	0.0289	0.083	0.0788	0.0381	0.0557	0.0764	0.0401	0.0929	0.0936	0.1351	0.0606	0.2175
Mast cells	0.013	0	0.0062	0	0.0197	0	0.0131	0.0024	0	0	0.004	0	0	0	0	0	0.0092	0.014	0.0222	0	0.0069	0.0074	0.0052	0.0036	0.016	0.0027	0.0201	0.0406	0.0243	0.0254	0	0.0074	0	0.0254	0.0257	0.0176	0.0177	0.0128	0.0154	0.0364	0.0268	0.0158	0.0188	0.0201	0	0.0213	0.0201	0	0.0405	0.0312	1e-04
Megakaryocytes	0.0569	0.0504	0.1007	0.0425	0.1473	0.1652	0.0777	0.078	0.0776	0.0731	0.174	0.2037	0	0.0715	0	0.1291	0.1724	0.086	0	0	0.1637	0	0.008	0.09	0.0512	0.0523	0.1377	0.0787	0.04	0.1139	0.0522	0.0207	0.1902	0.0338	0.108	0.1463	0	0.0604	0.0674	0.1341	0.0877	0.1792	0.1074	0.0648	0.2247	0.0829	0.0461	0.1834	0.0202	0.0092	0.0767
Melanocytes	0.0247	0.0108	0.0124	0.0196	0.0341	0.001	0.0258	0.023	0	0.008	0.0027	0.0141	0.0063	0.0179	0.0329	0.0234	0	0.0264	0.0112	0.0369	0	0.0204	0.0365	0	0.0414	0.0217	0.0067	0.0277	0.0343	0.0151	0	0.0038	0	0.022	0.0408	0.0017	0.0273	0.0032	0.0118	0.017	0.033	0.0125	0.0598	0.0526	0.0086	0	0.0201	0.0343	0.0045	0.0447	0.019
Memory B-cells	0	0.0154	0	0.0188	0.0142	0	0	0	0.0174	0.072	0.0487	0.0201	0	0.0017	0.0177	0.0484	0.0436	0	0.0033	0.0028	0.1049	0	0	0.0555	0.023	0	0.1147	0	0	0	0.0757	0	0.064	0	0	0	0	0	0.0267	0	0	0	0.0224	0	0.055	0	0	0	0	0	0.0278
Mesangial cells	0	0	0.0184	0	0	0	0	0	0	0	0	0	0	0	0.015	0	0	0	0.0066	0.014	0.0081	0	0	0.0101	0.0098	0	0.01	0	0	0	0.0192	0.0575	0	0.0011	0	0	0	0.0183	0	0	0	0	0	0.0194	0	0	0	0.0158	0.0035	0.0056	0
Monocytes	0	0	0	0	0	0	0	0.0157	0.0505	0	0	0	0	0.0478	0	0	0.0236	0	0.1725	0.0324	0.1158	0	0	0	0	0.0133	0.1775	0.0195	0	0	0.087	0	6e-04	0.027	0	0	0	0	0	0	0	0	0	0	0	0.0086	0	0	0	0	0
Myocytes	0.06	0.0469	0.0579	0.0517	0.0491	0.0456	0.05	0.0379	0.0324	0.0833	0.0789	0.0449	0.0289	0.0609	0.0504	0.0553	0.0536	0.0463	0	0.0256	0.0222	0.0259	0.0302	0.0292	0.0296	0.0515	0.0343	0.0375	0.0299	0.0582	0.0698	0.0146	0.0566	0.0378	0.0408	0.0389	0.0104	0.0518	0.0361	0.0333	0.0463	0.0474	0.0358	0.0215	0.0346	0.032	0.0586	0.0638	0.0212	0.0255	0.0134
NK cells	0.0873	0	0.3906	0	0	0	0.1869	0	0.4326	0	0	0	0.0077	0	0.3796	0	0	0	0.3445	0.4204	0	0.2985	0.4289	0.0543	0.2455	0.3257	0	0.2638	0.2868	0	0.2333	0.4126	0.0799	0.1635	0.3785	0	0.2365	0.3942	0	0.0319	0.3506	0	0.1584	0.4461	0.0371	0	0.3153	0	0.0672	0.4082	0
NKT	0.454	0.4953	0.3957	0.4843	0.524	0.4757	0.373	0.4648	0.3921	0.5525	0.5587	0.4808	0.5389	0.5808	0.4615	0.6159	0.4953	0.4887	0.2509	0.3028	0.2834	0.4214	0.3871	0.395	0.4872	0.3714	0.3675	0.4952	0.4338	0.5869	0	0.2134	0	0.4249	0.4385	0.5815	0.3437	0.4542	0.4217	0.5191	0.5034	0.612	0.4452	0.3737	0.444	0.5429	0.5046	0.6753	0.3937	0.266	0.3906
Neurons	0.0094	0.0233	0.0067	0.0221	0.0213	0.0083	0	0.0242	4e-04	0.0215	0.0183	0	0.0084	0.0231	0.0018	0.0162	0.0098	0	0	0.0082	0.0138	0.0144	0.0087	0.0167	0.0166	0.0141	0.0063	0.0038	0.0137	0.0067	0.0309	0	0.0193	0.0078	6e-04	0	0.0033	0.0077	0.0238	0.0148	0	0.0048	0.0074	0.0156	0.017	0.0205	0.0036	0	0.0203	0.009	0
Neutrophils	0	0.0304	0.0265	0	0	0.0068	0.0058	0.0056	0.005	0	0	0	0	0.0032	0.0323	0	0	0	0.1256	0.0056	0.1607	0	0	0.1194	0.0132	0.0681	0.2326	0.0133	0	0	0.0195	0.0456	0.0446	0	0.0108	0	0.0883	0.0038	0.1078	0	4e-04	0.039	0.016	0.0443	0.023	0.0445	0.0243	0	0.0148	0	0.023
Osteoblast	0.0245	0	0.1316	0.1643	0	0.1463	0.0698	0.1428	0.1523	0.076	0.105	0.0866	0.2062	0.0889	0.1577	0.1964	0.1183	0.0969	0	0.0598	0	0.0546	0.1599	0.1452	0	0.0634	0.0901	0.0211	0.0339	0.005	0.017	0.0043	0.1016	0.0065	0.0983	0	0	0	0	0.0403	0.1092	0.0549	0	0.0541	0.08	0.1843	0.1298	0.0484	0.1575	0.2303	0.124
Pericytes	0.0427	0.128	0.0417	0.0937	0.0901	0.0823	0.0967	0.0943	0.0767	0.0919	0.0627	0.1187	0.1048	0.0888	0.0737	0.0677	0.0801	0.0988	0.0669	0.0946	0.0475	0.08	0.1027	0.0921	0.0739	0.044	0.0958	0.1167	0.1193	0.1453	0	0.1198	0.0255	0.0907	0.071	0.1081	0.0732	0.0665	0.1455	0.1209	0.0796	0.0937	0.0841	0.1302	0.1064	0.1344	0.077	0.0932	0.1277	0.1188	0.1345
Plasma cells	0	0.0469	0	0.0288	0	0	0	0.0088	0	0.0383	0.0077	0	0	0.0484	0	0.0578	0.0313	0	0	0.0886	0.0342	0.0178	0.0163	0.03	0	0	0	0	0	0	0.0598	0	0.0069	0	0	0	0	0	0.008	0	0	0	0	0	0	0	0	0.0049	0	0	0
Platelets	0.043	0	0.0116	0	0.0243	0.0368	0.0652	0.0432	0.0142	0	0.0606	0.025	0	0.0017	0	0	0.0415	0.0059	0	0	0.0079	0	0	0	0.0303	0	0	0.0062	0.0203	0.0128	0.022	0	0.0044	0.0496	0	0.0195	0	0	0	0.0555	0	0.0472	0.0464	0	0.0324	0.0481	0.0124	0.0218	0.0063	0	0
Preadipocytes	0.0333	0.044	0	0.043	0.0858	0.0301	0	0.0623	0	0	0.0615	0	0	0.0349	0.0122	0	0.0363	0.0029	0	0.0099	0.007	0.0445	0	0.0338	0.0165	0.0437	0.0857	0.0158	0.0665	0	0.039	0.1007	0.1133	0.0604	0.0577	0.1046	0.1048	0.0624	0.0832	0.0653	0.0375	0.0281	0.0265	0.0397	0.0484	0.1172	0.0167	0	0.1309	0.0559	0.1381
Sebocytes	0.0029	0.0061	0	9e-04	0.0039	0.0025	0.0045	0.0016	0	0.0064	0.002	0	0	0.0037	0	0.0045	0.0044	0	0.0053	0.0048	0.0086	0.0052	0.0014	0.0027	0.0063	0.0048	0.0022	0.0054	0	0	0.0229	0.0176	0.0192	0	0.0021	0	0	0.0018	0	0	5e-04	0	0.0016	0	0	0	0	0.0027	2e-04	0	0
Skeletal muscle	0.01	0.0251	0.0211	0.017	0.0188	0.0263	0.0134	0.0168	0.0363	0.0161	0.0256	0.046	0	0.0083	0.0223	0	8e-04	0.0414	0	0.0058	0.0119	0.0273	0.0261	0.0218	0.0219	0.0223	0.02	0.0407	0.0309	0.0183	0.0207	2e-04	0.0223	0.0316	0.0341	0.0409	0.0154	0.0212	0.0154	0.0251	0.0178	0.0175	0.0157	0.0278	0.0257	0.0119	0.0188	0.0262	0	0.0193	0
Smooth muscle	0	0	0.0586	0	0	0.046	0	0	0.0296	0	0.0267	0.0121	0	0	0.033	0	0	0.0518	0	0.0511	0	0.0163	0.069	0.0679	0.0892	0.0568	0.0614	0	0.0629	0	0	0.0325	0.0738	0	0.0487	0	0.0411	0.0602	0.0395	0	0	0.0464	0	0	0	0.0394	0.0426	0.0435	0.0123	0.0229	0.0551
Tgd cells	0.0548	0	0.084	0	0	0.0572	0.1441	0	0.0993	0	0	0.1415	0.0927	0	0.1105	0	0	0.1207	0.0568	0.1128	0.0325	0.136	0.157	0.0853	0.1195	0.1711	0.0351	0.1112	0.1135	0.0518	0.0777	0.1442	0.0919	0.0988	0.1022	0.0797	0.1036	0.165	0.0527	0.1	0.1363	0.0643	0.1003	0.1485	0.0771	0.0797	0.1314	0.067	0.0797	0.136	0.0595
Th1 cells	0.0783	0.0178	0.0916	0	0	0.1205	0.1251	0.018	0.1754	0.0454	0.0438	0.2113	0.1607	0.0811	0.1882	0.04	0.0893	0.1205	0.157	0.2613	0.2442	0.2754	0.2926	0.3453	0.2495	0.2471	0.2528	0.0706	0.1235	0.1425	0.1571	0.268	0.2804	0.1324	0.2046	0.1098	0.1805	0.2788	0.2358	0.0888	0.1424	0.0369	0.0713	0.2334	0.229	0.0773	0.1234	0.0731	0.0782	0.2607	0.1782
Th2 cells	0.1382	0	0.1084	0	0	0.1608	0.1188	0.028	0.1206	0	0.0317	0.1567	0.096	0	0.1489	0	0	0.1802	0.1194	0.096	0.1158	0.1292	0.1344	0.121	0.1479	0.1465	0.1531	0.0639	0.1661	0.0804	0.1637	0.1518	0.1713	0.067	0.114	0.0957	0.1508	0.1223	0.1278	0.0976	0.1631	0.1193	0.1667	0.13	0.0742	0.1126	0.1297	0.1222	0.132	0.1161	0.1287
Tregs	0.1814	0.0439	0	0	0.4756	0.5117	0.0472	0.0063	0	0	0.4424	0.4379	0.1177	0	0	0	0.4215	0.5132	0.0894	0.1626	0.4734	0.0794	0.0583	0.4211	0.1285	0.0131	0.4666	0.0497	0.0211	0.5732	0.1928	0.2147	0.4435	0.1042	0	0.5838	0.1725	0.1222	0.526	0.1524	0.0032	0.6243	0.1917	0.0686	0.5756	0.1276	0.0084	0.5243	0.2636	0.1981	0.5768
aDC	0.0057	0	0	0	0	0.0176	0.0071	0	0.0011	0	0	0.0565	8e-04	0	0.0252	0	0	0.0626	0.1648	0.0831	0.214	0.0753	0.0767	0.223	0.046	0.0566	0.2036	0.0029	0	0.0498	0.1419	0.142	0.2187	0.0275	0.0249	0.0673	0.1289	0.0868	0.2638	0.0423	0.0292	0.0671	0.0474	0.0395	0.2142	0.0267	0	0.0507	0.1286	0.0373	0.2531
cDC	0.0389	0.0792	0.0178	0.0032	0	0.0352	0.0041	0.0408	0	0.046	0.0178	0.0432	0.0316	0.0316	0.0193	0.0461	0.0081	0.0442	0.0137	0.0122	0.0326	0.0237	0.0297	0.0395	0.057	0.0056	0.0946	0	0	0.009	0.0383	0	0.0293	0	0.0142	0	0	0.0104	0	0.019	0	0	0	0.0098	0.0614	0.0104	0	0.0559	0	0	0.0066
iDC	0.045	0.0669	0	0.0534	0.0442	0.0498	0.015	0.0796	0.0219	0.0684	0.0762	0.039	0.0609	0.0389	0	0.0443	0.0448	0	0.1399	0.0921	0.1219	0.0264	0.0333	0.0075	0.1048	0.0512	0.1093	0	0.0496	0	0.1403	0.1085	0.1164	0.0274	0.028	0.0157	0.0893	0.0398	0.0978	0	0	0	0	0.018	0.0333	0	0.0054	0.0075	0.1229	0.0318	0.0871
ly Endothelial cells	0.0716	0.0966	0.08	0.0865	0.0923	0.0184	0.0458	0.0678	0.0901	0.1144	0.087	0.0251	0.0513	0.0457	0.0815	0.0856	0.1142	0.0337	0.0055	0.0233	0.042	0.0784	0.0358	0.0487	0.0418	0.0534	0.0464	0.0535	0.0841	0.0353	0.0766	0	0.0322	0.0737	0.0668	0.0468	0.0334	0	0.0596	0.0353	0.0785	0.034	0.033	0.0676	0.0482	0.0306	0.0955	0.0435	0	0.0058	0.0089
mv Endothelial cells	0	0	0.0151	0.0313	0.0016	0.0504	0.0566	0.0361	0.1106	0.0959	0.0171	0.0906	0.0868	0.029	0.0505	0.0534	0.0454	0.0657	0.0307	0.0264	0.0396	0.0896	0.0523	0.0651	0.0668	0.0045	0.0654	0.007	0.0345	0.0726	0	0	0	0.0738	0.0206	0.0843	0.0395	0	0.0889	0.0625	0.0495	0.0545	0.0638	0.0248	0.0491	0.0446	0.0291	0.0747	0	0.016	0.0236
naive B-cells	0.014	0.0222	0	0	0.0697	0	0	0.0199	0	0	0.0552	0	0.0031	0	0.0198	0	0.02	0	0.0057	0	0	0	0	0	0.0126	0	0	0	0.0039	0	0	0	0	0	0	0	0	0	0	0	0	0	0.0123	0	0	0	0	0	0.0478	0	0
pDC	0.0463	0	0.1245	0.0345	0	0.0483	0.1073	0	0.1692	0	0.0339	0.0321	0.049	0	0.1546	0.0409	0.0229	0.0267	0.1426	0.1547	0.1226	0.1605	0.1745	0.1535	0.1475	0.1645	0.0632	0.1274	0.1366	0.021	0.2636	0.1484	0.2379	0.0785	0.1289	0.0233	0.1474	0.1365	0.1414	0.0521	0.1176	0	0.0823	0.1483	0.084	0.0237	0.1514	0.0314	0.0966	0.138	0.0203
pro B-cells	0.0328	0.0103	0.0507	0	0.0079	0.0672	0.0466	0	0.06	0.0141	0.0064	0.08	0.0679	0.0294	0.0281	0.0106	0.0423	0.0805	0	0.0173	0.0516	0	0.033	0.0628	0.036	0.0478	0.0483	0	0	0.0296	0.0215	0	0.1423	0.0173	0.0033	0.046	0	0	0.0406	0	0	0	0.0057	0	0.0406	0	0	0.024	0	0	0
ImmuneScore	0.3903	0.2711	0.5781	0.3077	0.2472	0.3179	0.3958	0.3055	0.5503	0.3462	0.2543	0.3205	0.3467	0.2997	0.5584	0.3261	0.2931	0.3559	0.8305	0.7019	0.5524	0.3545	0.5473	0.3773	0.4219	0.6103	0.6912	0.3693	0.5497	0.2708	0.6464	0.6645	0.5463	0.3379	0.4589	0.3167	0.5463	0.5844	0.4675	0.3393	0.6281	0.3653	0.3893	0.5727	0.3777	0.3047	0.5652	0.2242	0.5315	0.5507	0.5085
StromaScore	0.0102	0.0208	0.0213	0.0144	0.0396	0.0486	0.0019	0.0046	0.039	0.0217	0.0326	0.0384	0.0099	0.005	0.0342	0.0027	0	0.0438	0.0052	0.0162	0.0466	0.033	0.0292	0.0248	0.0304	0.0211	0.0219	0.0034	0.0665	0.0062	0.0562	0.0378	0.0449	0.0257	0.0264	0.0134	0.034	0.0091	0.061	0.0462	0.0204	0.0824	0.0284	0.0224	0.0414	0.0483	0.037	0.04	0.0772	0.0311	0.0712
MicroenvironmentScore	0.4005	0.2919	0.5994	0.3221	0.2868	0.3665	0.3977	0.3101	0.5893	0.3679	0.2869	0.3589	0.3566	0.3047	0.5926	0.3288	0.2931	0.3997	0.8357	0.7181	0.599	0.3875	0.5765	0.4021	0.4523	0.6314	0.7131	0.3727	0.6162	0.277	0.7026	0.7024	0.5912	0.3636	0.4853	0.3301	0.5804	0.5935	0.5284	0.3856	0.6485	0.4477	0.4177	0.5952	0.4191	0.353	0.6023	0.2642	0.6086	0.5818	0.5797
